16

128
113 1 7
119 2 6
39 3 15
1 4 7
72 5 12
105 6 14
75 7 1
86 8 14
15 9 11
52 10 7
47 11 15
77 12 1
22 13 10
29 14 3
34 15 9
54 16 13
36 17 16
107 18 10
86 19 5
99 20 6
6 21 3
39 22 7
105 23 7
25 24 12
75 25 6
48 26 14
36 27 3
102 28 5
59 29 3
49 30 6
7 31 14
49 32 8
107 33 12
72 34 6
59 35 7
58 36 15
6 37 5
52 38 15
67 39 12
41 40 16
75 41 1
2 42 14
9 43 14
10 44 13
113 45 7
108 46 2
113 47 2
59 48 7
128 49 3
15 50 15
5 51 9
41 52 12
99 53 4
29 54 12
40 55 16
99 56 1
70 57 15
10 58 15
39 59 1
24 60 3
24 61 11
120 62 12
73 63 12
41 64 11
78 65 13
16 66 3
75 67 10
12 68 4
84 69 6
49 70 5
105 71 10
67 72 6
7 73 11
19 74 6
128 75 4
128 76 5
29 77 3
40 78 11
125 79 12
119 80 6
75 81 14
40 82 12
93 83 15
57 84 13
99 85 11
98 86 9
123 87 1
13 88 1
49 89 11
105 90 1
21 91 7
34 92 8
52 93 16
96 94 13
119 95 11
9 96 12
52 97 9
41 98 7
30 99 4
64 100 7
42 101 10
52 102 12
52 103 11
73 104 5
5 105 12
8 106 8
81 107 14
30 108 1
14 109 7
9 110 13
106 111 3
128 112 8
41 113 16
75 114 5
120 115 12
74 116 7
119 117 15
60 118 3
97 119 14
128 120 5
9 121 8
107 122 3
29 123 9
74 124 3
40 125 16
41 126 15
81 127 10

128
111 1 11
128 2 7
24 3 8
85 4 2
15 5 13
29 6 15
23 7 5
89 8 4
73 9 8
34 10 11
13 11 16
124 12 4
3 13 3
57 14 5
23 15 2
25 16 13
44 17 1
61 18 7
3 19 2
3 20 6
24 21 4
105 22 5
36 23 16
81 24 6
83 25 4
128 26 12
41 27 3
80 28 7
11 29 1
63 30 4
26 31 3
115 32 11
116 33 11
87 34 3
126 35 6
81 36 6
91 37 14
98 38 6
80 39 16
42 40 9
36 41 15
2 42 1
24 43 13
103 44 2
36 45 4
124 46 6
83 47 2
24 48 4
128 49 15
38 50 11
109 51 12
115 52 11
54 53 12
38 54 4
15 55 15
36 56 9
81 57 12
108 58 16
22 59 4
101 60 16
21 61 15
56 62 1
19 63 2
45 64 12
21 65 9
95 66 1
44 67 13
125 68 11
83 69 2
101 70 5
110 71 3
21 72 13
3 73 3
98 74 1
29 75 15
24 76 14
104 78 7
94 79 1
21 80 9
77 81 11
9 82 2
3 83 9
67 84 5
101 85 5
103 86 9
86 87 6
21 88 9
28 89 1
12 90 3
98 91 10
21 92 13
89 93 10
23 94 3
77 95 3
14 96 2
62 97 11
21 98 6
12 99 1
50 100 8
19 101 1
113 102 3
118 103 16
56 104 10
65 105 13
61 106 8
52 107 7
80 108 5
24 109 13
37 110 5
26 111 14
116 112 15
20 113 9
45 114 4
47 115 10
114 116 6
23 117 2
41 118 6
29 119 13
63 120 13
23 121 9
105 122 11
52 123 13
95 124 16
41 125 15
98 126 6
60 127 11
83 128 14

128
14 1 16
113 2 2
114 3 5
48 4 15
73 5 13
117 6 3
14 7 15
51 8 10
127 9 2
103 10 4
8 11 8
99 12 9
75 13 9
58 14 13
93 15 12
63 16 15
60 17 16
105 18 8
43 19 15
35 20 3
63 21 13
56 22 13
51 23 9
94 24 14
11 25 9
14 26 11
104 27 16
44 28 7
95 29 15
44 30 16
90 31 3
117 32 1
105 33 14
19 34 6
113 35 6
23 36 11
72 37 4
72 38 5
67 39 3
9 40 10
81 41 12
109 42 2
44 43 13
55 44 14
5 45 6
78 46 9
64 47 7
66 48 10
61 49 7
79 50 5
94 51 16
63 52 7
50 53 2
106 54 13
116 56 11
79 57 10
87 58 11
3 59 6
81 60 2
13 61 8
21 62 1
122 63 12
57 64 7
110 65 14
117 66 12
23 67 16
70 68 9
98 69 16
55 70 11
86 71 1
55 72 8
8 73 12
4 74 3
55 75 3
107 76 1
127 77 8
61 78 12
60 79 7
41 80 14
44 81 6
63 82 6
42 83 8
91 84 15
121 85 4
28 86 6
11 87 7
48 88 12
104 89 10
6 90 10
26 91 2
55 92 5
113 93 6
122 94 15
124 95 15
46 96 5
75 97 10
52 98 10
48 99 2
31 100 7
122 101 4
66 102 14
44 103 10
79 104 10
52 105 5
48 106 14
55 107 15
93 108 9
9 109 8
21 110 16
97 111 6
71 112 8
70 113 6
44 114 15
128 115 11
79 116 1
81 117 8
75 118 11
37 119 4
2 120 15
104 121 9
75 122 7
19 123 3
97 124 1
79 125 1
79 126 11
13 127 1
103 128 13

128
70 1 2
120 2 1
103 3 2
88 4 6
104 5 9
98 6 14
37 7 9
94 8 14
73 9 11
14 10 10
30 11 5
18 12 15
40 13 10
45 14 5
9 15 16
14 16 5
36 17 7
14 18 13
24 19 2
27 20 3
35 21 6
115 22 6
103 23 9
70 24 13
53 25 4
1 26 14
127 27 6
20 28 12
90 29 7
19 30 12
27 31 15
18 32 2
50 33 1
19 34 5
24 35 9
18 36 8
12 37 5
113 38 16
6 39 8
14 40 14
25 41 4
69 42 6
75 43 11
70 44 1
24 45 10
11 46 1
35 47 10
47 48 6
29 49 13
9 50 16
127 51 5
53 52 2
113 53 11
45 54 3
70 55 14
113 56 2
6 57 11
40 58 11
73 59 5
38 60 9
70 61 16
104 62 11
24 63 4
117 64 5
63 65 14
75 66 3
7 67 11
45 68 9
19 69 2
45 71 1
40 72 2
18 73 5
69 74 14
9 75 9
72 76 5
110 77 2
12 78 8
45 79 3
34 80 7
70 81 2
1 82 4
88 83 13
81 84 14
59 85 4
68 86 9
75 87 4
16 88 16
69 89 15
1 90 15
51 91 6
11 92 1
43 93 10
9 94 15
19 95 5
59 96 14
18 97 10
69 98 7
36 99 15
113 100 5
14 101 15
19 102 7
56 103 7
35 104 7
98 105 5
96 106 1
113 107 6
46 108 2
9 109 16
70 110 2
53 111 16
88 112 3
125 113 16
93 114 10
103 115 5
72 116 5
1 117 16
88 118 16
78 119 9
9 120 13
110 121 8
92 122 4
10 123 3
119 124 14
45 125 15
31 126 3
94 127 14
90 128 12

128
70 1 12
118 2 4
15 3 8
24 4 8
84 5 11
49 6 2
128 7 4
111 8 13
29 9 14
27 10 8
111 11 7
108 12 15
17 13 8
46 14 12
111 15 3
30 16 5
52 17 9
1 18 15
61 19 10
32 20 8
106 21 15
84 22 10
52 23 8
32 24 11
56 25 11
78 26 4
114 27 4
52 28 8
13 29 16
93 30 3
71 31 7
109 32 16
76 33 14
9 34 8
80 35 10
83 36 10
11 37 15
73 38 2
49 39 8
92 40 9
119 41 10
50 42 6
27 43 16
109 44 7
61 45 3
120 46 12
77 47 7
66 48 8
13 49 3
66 50 2
70 51 13
57 52 5
57 53 14
15 54 8
52 55 6
46 56 10
83 57 4
123 58 9
89 59 2
15 60 12
73 61 2
44 62 2
8 63 10
33 64 8
43 65 5
52 66 11
3 67 15
62 68 16
94 69 11
109 70 9
6 71 14
17 72 12
109 73 15
106 74 5
23 75 16
56 76 5
70 77 5
83 78 8
17 79 9
64 80 12
103 81 3
13 82 8
70 83 6
61 84 9
46 85 4
107 86 16
22 87 8
67 88 5
83 89 6
89 90 2
62 91 1
26 92 9
61 93 6
84 94 9
94 95 5
49 96 4
62 97 13
43 98 1
118 99 10
73 100 5
76 101 3
69 102 14
108 103 5
3 104 1
111 105 12
93 106 14
67 107 11
83 108 2
54 110 7
95 111 10
44 112 14
123 113 11
94 114 12
123 115 12
118 116 2
33 117 11
109 118 5
84 119 12
83 120 14
118 121 13
112 122 8
93 123 5
79 124 7
123 125 1
27 126 4
6 127 6
82 128 6

128
97 1 16
64 2 13
125 3 6
5 4 4
20 5 16
54 6 5
105 7 11
17 8 6
5 9 5
107 10 9
16 11 1
84 12 2
96 13 3
97 14 11
77 15 5
54 16 16
102 17 15
12 18 1
17 19 7
89 20 16
58 21 16
120 22 10
17 23 8
12 24 1
69 25 8
36 26 11
8 27 3
53 28 8
58 29 14
54 30 3
124 31 3
86 32 12
84 33 12
58 34 9
89 35 2
82 36 8
96 37 6
96 38 10
104 39 4
83 40 13
103 41 7
59 42 16
124 43 11
68 44 8
127 45 12
62 46 1
115 47 6
67 48 1
103 49 3
36 50 9
86 51 15
36 52 10
89 53 10
20 54 2
77 55 7
66 56 6
50 57 12
66 58 5
111 59 15
59 60 9
49 61 12
2 62 16
25 63 3
84 64 4
100 65 5
86 66 4
97 67 16
53 68 13
53 69 12
100 70 10
57 71 9
68 72 12
47 73 6
27 74 2
72 75 13
3 76 5
13 77 16
57 78 1
56 79 2
42 80 2
96 81 8
89 82 6
2 83 4
107 84 10
69 85 12
84 86 3
97 87 6
19 88 5
27 90 6
67 91 12
104 92 11
54 93 6
112 94 6
48 95 13
20 96 6
102 97 8
2 98 1
36 99 5
6 100 5
54 101 11
69 102 11
97 103 8
84 104 1
13 105 8
123 106 4
20 107 12
62 108 15
69 109 7
93 110 4
20 111 12
82 112 6
55 113 5
15 114 10
36 115 13
68 116 9
22 117 16
86 118 11
58 119 12
69 120 16
29 121 6
113 122 7
19 123 4
86 124 5
5 125 6
35 126 3
64 127 14
56 128 15

128
38 1 10
98 2 16
30 3 4
127 4 15
126 5 8
68 6 12
114 7 15
50 8 1
117 9 14
120 10 12
38 11 14
42 12 6
108 13 14
102 14 9
38 15 2
114 16 14
39 17 1
25 18 11
47 19 16
121 20 7
47 21 12
50 22 16
11 23 5
117 24 4
8 25 8
117 26 4
7 27 7
67 28 8
110 29 6
120 30 6
120 31 16
38 32 10
94 33 9
33 34 9
59 35 1
126 36 15
15 37 16
71 39 12
97 40 1
97 41 5
71 42 1
23 43 9
47 44 8
30 45 12
56 46 15
11 47 6
125 48 15
3 49 5
47 50 16
95 51 16
38 52 10
127 53 15
62 54 8
52 55 4
2 56 8
19 57 13
120 58 10
50 59 10
6 60 2
32 61 1
15 62 6
23 63 2
31 64 2
106 65 7
23 66 2
15 67 14
120 68 14
50 69 2
38 70 9
32 71 10
51 72 11
39 73 11
85 74 3
118 75 6
15 76 13
18 77 5
49 78 6
26 79 11
15 80 4
95 81 9
59 82 5
5 83 16
102 84 2
86 85 8
5 86 13
39 87 11
34 88 8
32 89 16
29 90 1
120 91 13
117 92 8
67 93 6
8 94 5
50 95 14
25 96 9
95 97 7
48 98 15
59 99 1
13 100 9
7 101 8
62 102 9
19 103 1
11 104 10
31 105 7
114 106 15
54 107 16
117 108 12
15 109 12
117 110 12
93 111 15
10 112 9
95 113 2
15 114 14
95 115 10
128 116 12
44 117 3
127 118 8
50 119 12
50 120 8
11 121 13
127 122 2
42 123 1
26 124 13
7 125 9
15 126 14
39 127 10
62 128 12

128
71 1 12
48 2 8
108 3 9
90 4 1
13 5 6
82 6 2
6 7 4
89 8 6
95 9 4
121 10 14
94 11 2
116 12 15
2 13 8
62 14 10
122 15 6
67 16 9
106 17 6
102 18 1
29 19 4
77 20 3
126 21 14
81 22 13
2 23 10
82 24 10
13 25 16
37 26 6
43 27 9
25 28 12
121 29 8
54 30 10
112 31 8
121 32 2
97 33 5
90 34 9
47 35 6
20 36 3
102 37 8
90 38 2
62 39 12
90 40 10
23 41 5
106 42 13
25 43 12
1 44 3
49 45 10
74 46 11
15 47 2
122 49 15
98 50 12
48 51 16
126 52 4
66 53 16
51 54 16
58 55 16
17 56 15
91 57 14
48 58 9
56 59 2
88 60 2
112 61 2
48 62 12
59 63 16
20 64 11
91 65 11
61 66 16
106 67 15
112 68 10
121 69 15
64 70 16
2 71 1
67 72 10
62 73 10
2 74 1
54 75 13
25 76 14
108 77 5
37 78 8
124 79 7
52 80 1
112 81 11
15 82 16
57 83 13
106 84 1
43 85 15
104 86 10
29 87 2
51 88 11
20 89 10
106 90 10
23 91 16
127 92 8
11 93 15
106 94 11
84 95 10
48 96 9
105 97 12
127 98 5
71 99 11
64 100 13
68 101 6
47 102 13
51 103 7
75 104 5
94 105 4
2 106 15
94 107 3
15 108 6
58 109 16
48 110 3
91 111 8
51 112 16
13 113 11
121 114 5
51 115 7
90 116 5
23 117 11
88 118 4
61 119 8
77 120 7
48 121 3
13 122 15
120 123 3
65 124 5
1 125 1
2 126 4
57 127 13
110 128 5

128
2 1 6
120 2 13
90 3 10
108 4 4
2 5 8
74 6 2
65 7 2
15 8 13
2 9 16
1 10 11
120 11 14
20 12 10
121 13 2
85 14 14
119 15 8
45 16 3
61 17 2
101 18 9
15 19 6
2 20 2
87 21 2
40 22 16
40 23 13
48 24 15
87 25 7
31 26 8
38 27 1
102 28 3
16 29 9
2 30 13
53 32 3
116 33 6
104 34 8
110 35 3
69 36 13
127 37 6
120 38 6
29 39 10
45 40 13
113 41 8
2 42 14
60 43 11
60 44 13
116 45 9
33 46 10
13 47 1
33 48 14
7 49 12
2 50 13
91 51 5
78 52 3
57 53 10
105 54 1
12 55 7
15 56 9
38 57 15
3 58 8
80 59 5
37 60 6
65 61 4
84 62 7
22 63 2
11 64 4
122 65 2
33 66 6
63 67 2
73 68 1
78 69 3
106 70 4
40 71 8
16 72 2
40 73 8
20 74 15
57 75 14
62 76 14
13 77 4
116 78 10
10 79 14
37 80 2
48 81 10
9 82 2
26 83 14
116 84 14
104 85 7
118 86 3
26 87 1
120 88 9
58 89 8
99 90 9
25 91 15
87 92 4
120 93 6
40 94 14
88 95 5
11 96 8
121 97 3
23 98 9
30 99 4
68 100 5
50 101 10
30 102 10
91 103 7
78 104 16
120 105 6
11 106 14
97 107 9
71 108 4
12 109 1
116 110 10
16 111 7
81 112 3
26 113 8
72 114 9
90 115 12
31 116 14
42 117 1
31 118 8
100 119 5
116 120 7
46 121 16
40 122 11
29 123 9
22 124 13
93 125 9
45 126 9
40 127 1
93 128 15

128
63 1 9
54 2 4
55 3 1
75 4 1
86 5 10
97 6 12
39 7 14
84 8 8
94 9 2
77 10 5
17 11 1
4 12 8
115 13 11
50 14 5
71 15 3
67 16 4
30 17 10
68 18 9
6 19 6
80 20 2
67 21 6
53 22 16
32 23 10
57 24 16
107 25 16
19 26 2
32 27 15
77 28 4
99 29 11
55 30 9
124 31 13
52 32 5
62 33 5
103 34 8
98 35 14
110 36 9
57 37 3
87 38 14
124 39 7
37 40 12
97 41 3
44 42 16
6 43 14
80 44 10
55 45 15
89 46 15
20 47 9
4 48 14
31 49 14
125 50 3
124 51 6
31 52 14
68 53 13
105 54 12
103 55 10
76 56 16
124 57 11
2 58 10
50 59 6
57 60 9
115 61 11
52 62 10
51 63 12
52 64 4
63 65 12
125 66 10
98 67 7
50 68 16
57 69 15
57 70 16
87 71 14
44 72 5
9 73 6
71 74 6
81 75 8
80 76 3
58 77 13
13 78 2
80 79 5
57 80 13
92 81 13
55 82 5
98 83 4
7 84 15
88 85 1
124 86 1
106 87 13
19 88 2
7 89 14
50 90 11
115 91 5
124 92 10
41 93 1
105 94 9
41 95 15
80 96 11
108 98 3
13 99 7
20 100 13
52 101 6
108 102 11
115 103 3
83 104 10
124 105 10
97 106 8
10 107 16
19 108 1
31 109 9
39 110 4
37 111 8
32 112 1
25 113 9
118 114 5
68 115 8
68 116 6
106 117 9
58 118 13
53 119 10
127 120 13
64 121 6
43 122 14
62 123 2
97 124 12
39 125 10
77 126 12
42 127 11
125 128 16

128
100 1 1
54 2 1
65 3 1
10 4 1
99 5 14
61 6 16
40 7 15
75 8 6
34 9 8
51 10 4
65 11 11
122 12 15
82 13 6
88 14 10
21 15 12
96 16 13
16 17 4
13 18 8
113 19 1
28 20 4
78 21 4
38 22 16
90 23 6
61 24 12
113 25 5
28 26 10
100 27 15
113 28 1
51 29 3
95 30 14
29 31 1
103 32 13
126 33 8
96 34 2
105 35 11
110 36 8
8 37 1
44 38 9
33 39 1
75 40 1
116 41 12
95 42 3
32 43 2
51 44 3
36 45 1
67 46 10
113 47 11
51 48 12
126 49 13
94 50 2
40 51 11
50 52 5
17 53 16
118 54 14
50 55 6
95 56 14
12 57 12
40 58 11
109 59 6
9 60 10
65 61 13
128 62 16
128 63 4
30 64 4
34 65 8
32 66 13
42 67 1
7 68 13
75 69 3
5 70 2
85 71 7
73 72 11
126 73 13
58 74 2
96 75 7
77 76 6
67 77 11
9 78 8
1 79 6
100 80 1
40 81 10
51 82 1
78 83 12
12 84 2
9 85 2
105 86 11
127 87 12
42 88 8
30 89 4
127 90 7
119 91 3
96 92 8
27 93 4
100 94 7
95 96 3
30 97 7
18 98 1
12 99 11
95 100 11
7 101 9
73 102 8
128 103 10
28 104 4
65 105 9
33 106 16
4 107 5
122 108 16
93 109 16
122 110 6
95 111 15
73 112 4
92 113 14
92 114 15
7 115 14
50 116 12
36 117 15
84 118 7
7 119 15
51 120 11
69 121 9
95 122 6
42 123 1
101 124 3
126 125 4
100 126 8
30 127 6
67 128 14

128
96 1 10
25 2 2
118 3 1
64 4 13
25 5 13
85 6 15
108 7 14
88 8 9
37 9 5
81 10 7
120 11 10
1 12 5
87 13 9
6 14 5
96 15 6
124 16 3
63 17 4
105 18 2
127 19 13
28 20 8
89 21 15
83 22 15
95 23 5
126 24 1
118 25 5
27 26 5
25 27 9
127 28 5
4 29 6
102 30 16
123 31 9
64 32 12
44 33 8
95 34 5
52 35 15
85 36 7
127 37 7
105 38 7
127 39 12
110 40 14
33 41 4
11 42 10
122 43 4
79 44 13
11 45 2
99 46 8
107 47 7
64 48 15
124 49 10
96 50 16
3 51 1
126 52 13
79 53 14
80 54 12
12 55 5
76 56 15
87 57 2
114 58 3
2 59 6
47 60 5
22 61 6
114 62 15
81 63 2
91 64 3
117 65 14
75 66 4
73 67 6
47 68 8
95 69 4
51 70 3
105 71 11
49 72 9
54 73 13
66 74 3
117 75 4
54 76 6
85 77 10
102 78 12
108 79 8
26 80 8
64 81 11
55 82 8
91 83 14
86 84 15
80 85 9
91 86 7
127 87 5
77 88 5
101 89 9
86 90 3
118 91 10
2 92 12
64 93 1
102 94 6
118 95 1
34 96 1
44 97 11
63 98 8
71 99 9
11 100 10
124 101 2
10 102 3
71 103 16
83 104 16
25 105 3
105 106 7
91 107 3
96 108 2
94 109 1
28 110 10
48 111 14
26 112 10
38 113 10
66 114 9
28 115 13
66 116 8
95 117 1
76 119 1
26 120 1
60 121 3
4 122 13
79 123 13
50 124 10
54 125 13
95 126 14
91 127 12
83 128 16

128
102 1 1
22 2 13
70 3 3
28 4 15
96 5 16
53 6 14
26 7 2
85 8 8
95 9 10
16 10 11
108 11 7
107 12 10
70 13 16
21 14 10
67 15 13
47 16 1
85 17 9
70 18 3
39 19 9
107 20 10
78 21 1
63 22 12
79 23 11
58 24 6
10 25 11
28 26 5
117 27 14
39 28 15
102 29 13
52 30 11
109 31 14
65 32 4
65 33 16
31 34 12
115 35 6
110 36 9
120 37 15
109 38 3
80 39 5
11 40 13
80 41 9
78 42 5
64 43 6
31 44 11
111 45 15
75 46 12
85 47 14
16 48 5
43 49 4
30 50 15
122 51 7
63 52 2
111 53 9
39 54 13
96 55 8
4 56 4
109 57 13
8 58 3
98 59 4
105 60 12
30 61 4
70 62 1
39 63 4
28 64 10
47 65 9
43 66 1
59 67 10
63 68 3
30 69 14
64 70 15
88 71 6
43 72 2
117 73 2
2 74 16
21 75 11
31 76 4
98 77 3
39 78 13
34 79 9
8 81 10
83 82 14
64 83 2
19 84 16
39 85 5
98 86 7
5 87 10
54 88 4
42 89 7
109 90 11
38 91 6
93 92 13
4 93 15
14 94 3
28 95 16
85 96 15
46 97 1
21 98 7
63 99 6
70 100 16
109 101 10
31 102 16
80 103 8
31 104 14
42 105 11
31 106 13
36 107 6
22 108 11
16 109 8
16 110 3
63 111 2
111 112 1
65 113 14
63 114 9
49 115 7
46 116 5
63 117 14
59 118 3
73 119 6
110 120 11
38 121 15
33 122 12
31 123 5
52 124 11
71 125 1
54 126 2
25 127 8
117 128 7

128
53 1 5
64 2 8
23 3 16
108 4 7
73 5 11
30 6 9
108 7 16
50 8 16
105 9 7
12 10 2
101 11 9
88 12 12
56 13 3
5 14 10
6 15 3
26 16 10
91 17 12
70 18 4
91 19 14
74 20 13
62 21 16
37 22 5
123 23 10
27 24 11
56 25 6
106 26 12
76 27 11
60 28 8
127 29 6
103 30 7
21 31 7
73 32 10
104 33 13
102 34 13
91 35 15
73 36 6
70 37 8
122 38 1
73 39 9
64 40 16
91 41 7
105 42 6
98 43 10
36 44 6
7 45 13
24 46 11
112 47 5
86 48 1
58 49 16
101 50 4
29 51 5
108 52 16
90 53 6
103 54 12
61 55 8
73 56 1
38 57 8
21 58 1
122 59 2
16 60 3
64 61 16
32 62 1
105 63 3
64 65 2
18 66 7
47 67 12
102 68 9
73 69 13
90 70 15
38 71 8
88 72 13
40 73 15
127 74 9
68 75 10
77 76 15
7 77 16
64 78 13
73 79 4
47 80 11
52 81 2
90 82 4
87 83 14
73 84 8
16 85 7
64 86 10
105 87 7
60 88 10
64 89 12
105 90 12
89 91 9
96 92 9
103 93 16
47 94 3
108 95 12
115 96 13
87 97 7
55 98 5
42 99 3
90 100 15
87 101 16
13 102 14
89 103 4
115 104 2
64 105 1
64 106 14
52 107 10
106 108 16
102 109 2
28 110 12
18 111 2
86 112 1
74 113 11
65 114 11
44 115 14
50 116 3
74 117 10
88 118 5
87 119 11
38 120 1
23 121 5
106 122 13
56 123 14
96 124 8
61 125 16
102 126 6
86 127 3
7 128 3

128
25 1 9
56 2 12
46 3 12
6 4 12
117 5 3
116 6 5
68 7 15
4 8 16
83 9 3
22 10 3
46 11 11
59 12 10
15 13 9
62 14 1
77 15 14
20 16 16
67 17 9
22 18 5
105 19 7
111 20 13
24 21 6
105 22 13
119 23 9
86 24 9
120 25 4
9 26 12
22 27 6
45 28 2
121 29 16
93 30 8
27 31 3
3 32 2
40 33 7
71 34 1
112 35 3
71 36 11
76 37 4
75 38 8
114 39 14
58 40 9
115 41 1
61 42 4
17 43 14
122 44 7
47 45 5
24 46 2
22 47 2
90 48 7
20 49 6
38 50 3
9 51 4
10 52 13
90 53 12
64 54 12
81 55 11
113 56 1
86 57 8
86 58 1
20 59 6
58 60 5
115 61 10
51 62 14
118 63 12
105 64 13
52 65 14
93 66 10
92 67 6
117 68 5
40 69 4
4 70 3
51 71 7
16 72 6
83 73 2
36 74 10
64 75 13
73 76 4
27 77 7
36 78 6
24 79 3
21 80 12
64 81 15
122 82 14
47 84 11
21 85 4
83 86 1
22 87 16
51 88 6
6 89 9
71 90 14
51 91 7
114 92 13
102 93 14
2 94 15
71 95 2
90 96 8
86 97 2
116 98 7
27 99 5
86 100 1
58 101 16
100 102 9
64 103 7
77 104 15
91 105 15
24 106 15
99 107 4
54 108 7
6 109 5
88 110 4
64 111 11
91 112 2
81 113 6
110 114 6
86 115 8
9 116 10
55 117 8
81 118 10
4 119 5
84 120 9
45 121 4
64 122 11
47 123 14
86 124 15
112 125 10
50 126 1
71 127 5
74 128 6

128
58 1 10
43 2 2
92 3 12
33 4 8
18 5 15
92 6 4
120 7 4
110 8 3
36 9 13
38 10 7
66 11 10
92 12 9
22 13 16
45 14 13
31 15 4
127 16 14
23 17 14
107 18 7
22 19 9
74 20 6
65 21 7
100 22 12
114 23 12
10 24 3
3 25 8
113 26 1
107 27 11
1 28 2
107 29 14
65 30 2
22 31 2
37 32 9
125 33 1
76 34 2
125 35 7
39 36 7
39 37 2
70 38 13
92 39 3
6 40 6
68 41 7
74 42 2
32 43 4
71 44 11
40 45 13
47 46 4
39 47 1
113 48 4
45 49 3
62 50 16
4 52 13
73 53 7
79 54 9
83 55 13
110 56 5
87 57 3
92 58 3
100 59 10
86 60 1
111 61 10
39 62 13
117 63 7
127 64 5
80 65 3
92 66 10
127 67 8
39 68 9
45 69 6
84 70 1
79 71 4
103 72 13
51 73 11
32 74 4
92 75 1
73 76 7
118 77 7
84 78 15
66 79 8
100 80 12
79 81 8
3 82 5
11 83 9
107 84 5
100 85 15
39 86 1
66 87 4
43 88 16
48 89 1
43 90 3
107 91 9
51 92 6
100 93 3
75 94 13
33 95 8
27 96 2
100 97 3
52 98 2
51 99 13
39 100 7
124 101 9
27 102 6
13 103 15
117 104 9
107 105 7
35 106 12
86 107 10
122 108 7
92 109 15
32 110 11
65 111 6
84 112 15
94 113 1
39 114 9
47 115 9
16 116 16
38 117 1
40 118 10
67 119 11
118 120 14
94 121 15
80 122 12
29 123 1
66 124 5
66 125 3
54 126 3
6 127 7
117 128 13
